1.513923494231697413e-02
7.151342888343639737e-03
3.386783176434328500e-03
3.145555516939372350e-03
2.576649482629193421e-03
2.171298995410764557e-03
1.355769751723004748e-03
1.246882200836359851e-03
1.196431431379089321e-03
1.085019844154117268e-03
1.018599643162193232e-03
9.507427829086989969e-04
9.233333789291475312e-04
8.200984404446166583e-04
7.913436847019485838e-04
7.434874625364716128e-04
6.919384379785287848e-04
6.619826388460592565e-04
6.346482849953466844e-04
6.077921351244796504e-04
5.555561713962140803e-04
5.356274427100202271e-04
5.169123682264297219e-04
5.007306780066314274e-04
4.776342718317523671e-04
4.497456429637021209e-04
4.388905556233728801e-04
4.275410511186455357e-04
4.142497748455143541e-04
3.951932610380571188e-04
3.842097497843997627e-04
3.664088731842911817e-04
3.602635140185840882e-04
3.401815162767561022e-04
3.282208638443576978e-04
3.145543941607702502e-04
3.101655240304660973e-04
3.030523054242365726e-04
2.856675959029232256e-04
2.464635509494687068e-04
2.684579644997924191e-04
2.615805057361450460e-04
2.653271206842850371e-04
2.380787087148161015e-04
2.278813449938511229e-04
2.235146862772690506e-04
2.170140442131613366e-04
2.082242638068789744e-04
1.975637542355416631e-04
1.939450078882500852e-04
1.867075579148879132e-04
1.833883791548863746e-04
1.758630800147159697e-04
1.736746750165706250e-04
1.648917155430998057e-04
1.620215697500048649e-04
1.493935717645671676e-04
1.421179130558791488e-04
1.391743437480581140e-04
1.370913139881871953e-04
1.334476881827000602e-04
1.221250268245071071e-04
1.198518265327451883e-04
1.153256282602889920e-04
1.123333951929237246e-04
1.097870714380597839e-04
1.075982405057860313e-04
1.040059949976066098e-04
1.008614493700279866e-04
8.717924190007478660e-05
8.683587982835126533e-05
9.263193263844416282e-05
9.500971738433892900e-05
9.409329576690996844e-05
7.486981368177910443e-05
7.941454907697664399e-05
7.854776650744121024e-05
7.095809852624038281e-05
5.994105349018516893e-05
6.328785289353064099e-05
6.666710926769847667e-05
6.601585574774691259e-05
5.866322261690929248e-05
5.625066839743542027e-05
4.967213912927763956e-05
5.133934619820900027e-05
5.437606535861832060e-05
5.367976210079769659e-05
4.644719218256615723e-05
4.811041127554085056e-05
4.292336784393807126e-05
4.066649703218954863e-05
3.854199410052564813e-05
3.699930060538201307e-05
3.501319834412079576e-05
3.267182979123687495e-05
4.194738617947314839e-05
2.847014602964385892e-05
2.721597224772340657e-05
2.616900144177290922e-05
3.030021023679167118e-05
3.081758473671866684e-05
2.448312891571333919e-05
2.347373977348999797e-05
2.068261688557250378e-05
1.933185925754967637e-05
1.861646414944828949e-05
2.280850963492913271e-05
2.183232369601733087e-05
1.579110149861304055e-05
1.499668280577228919e-05
1.628954713213222601e-05
5.276828622316123589e-06
6.083262857904396665e-06
6.935951263330100686e-06
1.354138754405734094e-05
7.728188225087498429e-06
8.995819633766269924e-06
1.208418485240217036e-05
1.248124144904674006e-05
1.019460026896003424e-05
9.671220684509391116e-06
1.070244361095948485e-05
1.096410329471791301e-05
5.387474383296392516e-06
4.731020726565665943e-19
-4.171729561879173911e-19
-3.760125161910505922e-19
-3.760125161910505922e-19
3.606064900561204943e-19
1.698482281628436555e-19
1.698482281628436555e-19
3.143575614389018223e-19
3.143575614389018223e-19
2.843115924276243115e-19
2.843115924276243115e-19
2.340769488111258681e-19
2.340769488111258681e-19
-3.087601530889679516e-19
-3.087601530889679516e-19
-1.948060474204382862e-19
-1.948060474204382862e-19
-2.443188673242711616e-19
-2.443188673242711616e-19
-2.262975800156740676e-19
-2.262975800156740676e-19
-2.138841066723019972e-19
2.122628123155023600e-19
2.122628123155023600e-19
1.926104682711030098e-19
1.926104682711030098e-19
-1.873248446383568893e-19
-1.873248446383568893e-19
-1.827294220056186946e-19
1.754644203818568110e-19
1.754644203818568110e-19
1.729255903070384485e-19
1.729255903070384485e-19
-1.614970469905780072e-19
-5.788298079855100374e-20
-5.788298079855100374e-20
-1.231149156952596356e-19
-1.231149156952596356e-19
1.599189422013621282e-19
1.599189422013621282e-19
9.825729462822894113e-20
9.825729462822894113e-20
-1.183004203167547478e-19
-1.183004203167547478e-19
-1.215590348845119652e-19
1.393376075972582898e-19
9.917321717969947862e-22
9.917321717969947862e-22
-1.018462763545524221e-19
-1.018462763545524221e-19
-7.895181259992638441e-20
-7.895181259992638441e-20
9.096253699800264955e-20
9.096253699800264955e-20
3.714295533625413358e-20
3.714295533625413358e-20
8.888913163968542330e-20
6.313644376408654494e-20
6.313644376408654494e-20
1.945370851935252492e-20
1.945370851935252492e-20
-4.117089419585206347e-20
-4.117089419585206347e-20
-5.453927512904527508e-20
-5.453927512904527508e-20
1.070319997794676996e-19
-6.339100705046959259e-20
6.291713442031797601e-20
-1.867218861198759418e-20
-2.988019474164526670e-20
1.880493977519582732e-20
1.880493977519582732e-20
7.122421574230184832e-21
