3.287063598375416281e-03
1.362844953118451776e-03
1.000681036930263328e-03
6.381664158891459451e-04
5.839613757482863552e-04
4.950468931440456634e-04
4.493374620344688553e-04
3.609134700960089188e-04
3.242872004791953994e-04
3.011592614316725420e-04
2.796348710681854227e-04
2.364251592343641524e-04
2.171488268284016594e-04
2.037375312081097308e-04
1.976404904898845056e-04
1.876071922918370297e-04
1.540715819487067353e-04
1.622930869225683856e-04
1.674645513899721005e-04
1.414762007435113849e-04
1.358774468482350770e-04
1.222102542927523932e-04
1.100387488189805157e-04
1.051175497570463812e-04
9.979031205403794257e-05
9.312151278606375178e-05
8.588411241547923487e-05
8.215967610343775918e-05
5.643217582354169784e-05
5.961916750717351638e-05
6.517957544391240370e-05
4.627039349258569250e-05
5.179424840004317559e-05
4.525280440200878150e-05
3.679967926963006406e-05
3.305573740658309631e-05
3.052395418217363447e-05
1.742631367052081023e-05
2.467042165928207473e-05
2.135522885631369587e-05
3.242042044302913137e-05
2.339820106957319761e-05
1.458020289578521626e-05
9.317202727637060008e-06
1.280856322711419378e-05
6.031643761334264415e-06
8.291484076855993270e-06
4.617962599516255615e-06
1.214647008088612137e-05
1.005050068012444744e-05
-1.341239709842966753e-19
1.295813466813029078e-19
-3.835745001210420989e-20
-3.835745001210420989e-20
-1.103767560550155011e-19
-1.103767560550155011e-19
-1.118816303489541811e-19
-1.008764596234490364e-19
1.061620827972874346e-19
9.649921544744559046e-20
9.649921544744559046e-20
9.965529953747018214e-20
-9.294472049904009852e-20
-7.794035008727003382e-20
7.477501556271999477e-20
7.477501556271999477e-20
-6.399989931164010367e-20
-6.399989931164010367e-20
-5.914001502527254211e-20
-5.914001502527254211e-20
6.751903629956046832e-20
5.565892744622785979e-20
5.565892744622785979e-20
5.555691613435781021e-20
5.422324409684034305e-20
5.422324409684034305e-20
-4.824599982501981907e-20
-4.824599982501981907e-20
3.489843284249291644e-20
3.489843284249291644e-20
4.613120676383149723e-20
4.613120676383149723e-20
-6.552990654618136161e-21
-6.552990654618136161e-21
-3.886012036563423922e-20
3.541210888539357437e-20
3.541210888539357437e-20
-3.494369050368528137e-20
-3.494369050368528137e-20
1.580758087570809766e-20
1.580758087570809766e-20
-3.562949047136188204e-20
-3.562949047136188204e-20
-2.174094911874885989e-20
-2.174094911874885989e-20
-3.523935332986030303e-20
3.495646041798043184e-20
3.495646041798043184e-20
3.379249190378847590e-20
3.379249190378847590e-20
-2.876187396700842175e-20
-2.047178485798453795e-20
-2.047178485798453795e-20
1.536100237346561860e-20
1.536100237346561860e-20
2.495218800885388783e-20
2.495218800885388783e-20
-2.089535423013422825e-20
-1.299836447964254725e-20
-1.299836447964254725e-20
-1.666374216051171287e-20
-3.598569167194977669e-21
-3.598569167194977669e-21
1.709803051934640938e-20
1.709803051934640938e-20
6.045746363126724333e-21
6.045746363126724333e-21
1.401140991100619270e-20
4.979954944419466818e-21
4.979954944419466818e-21
4.096140848042751335e-21
-9.645105335286965369e-21
-4.248549611226564615e-21
-4.248549611226564615e-21
-2.316123037342794804e-21
-2.316123037342794804e-21
