7.069919472232919465e-03
4.058830782214524306e-03
2.128396905612579132e-03
1.620290945927749899e-03
1.159097876418571605e-03
8.145036111307405813e-04
6.881349330794567665e-04
6.546093128498359963e-04
5.652429057480819847e-04
5.269918166963456253e-04
4.507758755334422343e-04
4.278602986153645996e-04
3.914940756760501594e-04
3.746999138000403954e-04
3.782382576112609156e-04
3.195831561618573367e-04
3.081886804907876180e-04
3.010647028820387350e-04
2.920380642654343893e-04
2.565507874491641718e-04
2.575057761821574961e-04
2.442850938438786957e-04
2.342040365831751922e-04
2.283261229570848034e-04
2.133886556322663974e-04
2.042276535478440385e-04
1.970019852498766720e-04
1.824642975550766000e-04
1.773335235044324351e-04
1.628581954002903407e-04
1.682748021472649745e-04
1.665193177585464271e-04
1.427013122171088438e-04
1.377533497442702548e-04
1.331534285029564019e-04
1.223018513579596960e-04
1.149264914799860666e-04
1.106195880746387960e-04
1.268258106267643420e-04
1.017800020392932588e-04
9.596714149104084606e-05
9.160739244179507659e-05
9.291379253118497571e-05
8.110688176450519464e-05
7.754781767398477642e-05
7.306798008504412488e-05
6.567881501939781320e-05
7.052693529612864051e-05
5.847399091113609121e-05
6.390804012272451810e-05
5.688506011680055028e-05
5.445289799193768585e-05
5.249503857551635506e-05
5.016867901382356636e-05
4.673391035502034519e-05
4.716424574279891720e-05
4.297792170884511036e-05
3.896632086996080233e-05
3.771280142613559969e-05
3.570170407665797420e-05
3.316622249844620876e-05
3.132704350859389709e-05
3.030019394379659443e-05
2.775989697135161109e-05
2.645462831744508454e-05
2.570318983885396466e-05
2.372133330485756908e-05
2.270608803017127954e-05
2.223318433581634456e-05
1.841357181214161036e-05
2.051361096931075253e-05
1.982730395634613096e-05
1.587123444311399484e-05
1.531827670001277084e-05
1.446804784234820584e-05
1.381688279688207011e-05
9.946749527777379494e-06
1.059062368573764640e-05
1.136424580604677814e-05
1.202337099864418125e-05
1.266196832623431022e-05
8.459768515153221605e-06
7.692194062345491688e-06
7.242243543877385492e-06
6.873911728833259063e-06
5.708095268210864425e-06
5.098877653175904753e-06
4.054503603830229868e-06
5.369363339571122865e-06
3.558780213069040630e-06
2.250212055348645823e-06
3.940321439559401464e-06
9.757606582265430398e-07
2.969702638318510815e-06
2.628638983036576340e-06
1.415086958668497808e-06
1.734699232461797131e-06
1.860134869932385653e-06
1.497726450573365170e-06
2.387400529892122404e-19
-2.113219150525498423e-19
-2.113219150525498423e-19
2.056725610813027077e-19
1.726297862291069522e-19
1.285265421651277251e-19
-1.480147134335395682e-19
-1.105547583199914108e-19
-9.912510802998725685e-20
-9.912510802998725685e-20
-9.526887059297110221e-20
9.978151522657295288e-20
9.589405243714620089e-20
-2.430485515694772694e-20
-2.430485515694772694e-20
-5.530469753035022036e-21
-5.530469753035022036e-21
-6.095148603984905022e-20
-3.141376651918600317e-20
8.672600464180538897e-20
3.547708169502862408e-20
3.547708169502862408e-20
6.222288677167326476e-20
6.222288677167326476e-20
-1.166773521598170029e-20
2.485223651315168177e-20
8.311265944809751533e-22
